M=[121.9406 168.7790 255.9994];
E=[89.88e9 77.09e9 61.0686e9];
vs=[3460.54 2931.93 2212.42];
vl=[5453.09 4668.27 3529.57];
v=[250.987e-30 297.550e-30 316.120e-30];

v3=v.^(-2/3);
% rho=2*M*1e-3./(v.*NA);
const=(1/2)*(pi/6)^(1/3);
addv=vs.*2.+vl;
kmin=(const*kb).*v3.*addv;

% const2=0.87*kb;
% div=(E./rho).^(1/2);
% kmin2=const2.*v3.*div;
kmin
% kmin2

% vm=((1/3)*((2/vs^3)+(1/vl^3)))^(-1/3);